18613196584
18620140531
13244832751
13129369945
13226426440
13265158894
13202505340
13247322141
13229939840
13250513885
18529301787
13250703289
13288467251
13247684180
13249163679
18620161725
18620165902
18620165658
18520511430
18620673279
13126459673
18594068310
18594033842
18665099016
18620167352
18676895205
18665099013
18565065369
18602071550
18676895205
13126459673
18594908454
18594071689
18620582874
18588692478
18529496371
18594072656
18588694637
18588694169
18529496371
18594072656
18588694637
18588694169
13143512389
13143518291
13143721043
13246802428
13246806841
18565070961
18565076585
18680579544
18594079173
18617383264
18594072218
18588694637
18594070285
13016048398
13226694597
13249139168
13288466310
18578628572